1643390744567 0.023195266723632812 0
1643390745029 0.0026763828936964273 1
1643390745450 0.002082178834825754 2
1643390745845 0.002259656321257353 3
1643390746218 0.002003126312047243 4
1643390746614 0.0019912535790354013 5
1643390747097 0.0019257620442658663 6
1643390747636 0.0018968554213643074 7
1643390748017 0.0018815442454069853 8
1643390748424 0.0018857255345210433 9
1643390748883 0.001853533904068172 10
1643390749280 0.0017957754898816347 11
1643390749656 0.001826398423872888 12
1643390750081 0.0017821693327277899 13
1643390750469 0.0017518921522423625 14
1643390750895 0.0016884049400687218 15
1643390751260 0.0018008612096309662 16
1643390751627 0.0015805895673111081 17
1643390751989 0.00160321407020092 18
1643390752372 0.0015152015257626772 19
1643390752791 0.001509972964413464 20
1643390753154 0.001397402724251151 21
1643390753554 0.001336482004262507 22
1643390753936 0.0013312543742358685 23
1643390754340 0.0012916882988065481 24
1643390754768 0.001191859832033515 25
1643390755196 0.0011511375196278095 26
1643390755622 0.0011129454942420125 27
1643390756244 0.0011042753467336297 28
1643390756707 0.001149057992734015 29
1643390757210 0.0010897517204284668 30
1643390757724 0.0010745942126959562 31
1643390758151 0.0010249927872791886 32
1643390758606 0.0009738540975376964 33
1643390759065 0.0009139857720583677 34
1643390759512 0.0009198926854878664 35
1643390759907 0.0009292976465076208 36
1643390760308 0.00091073929797858 37
1643390760704 0.0008568968623876572 38
1643390761118 0.0008682516636326909 39
1643390761492 0.0008552068611606956 40
1643390761879 0.0008633554680272937 41
1643390762281 0.0008374025346711278 42
1643390762668 0.0007903382647782564 43
1643390763058 0.0008039495442062616 44
1643390763458 0.0007641116972081363 45
1643390763838 0.000762581592425704 46
1643390764223 0.0007338612340390682 47
1643390764605 0.0006900608423165977 48
1643390764984 0.0006936645950190723 49
