1643390744567 0.10095788538455963 0
1643390745029 0.038376014679670334 1
1643390745450 0.03412873297929764 2
1643390745845 0.0356074757874012 3
1643390746218 0.03343196213245392 4
1643390746614 0.033301942050457 5
1643390747097 0.03280754014849663 6
1643390747636 0.032503217458724976 7
1643390748017 0.032192882150411606 8
1643390748424 0.03226422891020775 9
1643390748883 0.03218485042452812 10
1643390749280 0.03158317506313324 11
1643390749656 0.03184076398611069 12
1643390750081 0.03140239045023918 13
1643390750469 0.031090442091226578 14
1643390750895 0.030735980719327927 15
1643390751260 0.03163623809814453 16
1643390751627 0.0294598750770092 17
1643390751989 0.029765266925096512 18
1643390752372 0.02902473881840706 19
1643390752791 0.029109280556440353 20
1643390753154 0.027713825926184654 21
1643390753554 0.027098972350358963 22
1643390753936 0.027100322768092155 23
1643390754340 0.026515282690525055 24
1643390754768 0.025406500324606895 25
1643390755196 0.02495565079152584 26
1643390755622 0.024524567648768425 27
1643390756244 0.024488642811775208 28
1643390756707 0.02506248652935028 29
1643390757210 0.024214761331677437 30
1643390757724 0.024115847423672676 31
1643390758151 0.02355620637536049 32
1643390758606 0.02289922535419464 33
1643390759065 0.021920695900917053 34
1643390759512 0.022094296291470528 35
1643390759907 0.022300057113170624 36
1643390760308 0.022107379510998726 37
1643390760704 0.021238816902041435 38
1643390761118 0.020952308550477028 39
1643390761492 0.021169548854231834 40
1643390761879 0.021455151960253716 41
1643390762281 0.02094169333577156 42
1643390762668 0.020367171615362167 43
1643390763058 0.020598096773028374 44
1643390763458 0.019826626405119896 45
1643390763838 0.01972964219748974 46
1643390764223 0.01934082619845867 47
1643390764605 0.01873338408768177 48
1643390764984 0.01890340819954872 49
