1643390820704 0.02903546579182148 0
1643390821153 0.0029988503083586693 1
1643390821582 0.0022575492039322853 2
1643390821953 0.00210009072907269 3
1643390822313 0.002042882377281785 4
1643390822675 0.0020560852717608213 5
1643390823039 0.0020079496316611767 6
1643390823436 0.0019918743055313826 7
1643390823806 0.0019461226183921099 8
1643390824170 0.0019693002104759216 9
1643390824522 0.0019055691082030535 10
1643390824876 0.0018298978684470057 11
1643390825235 0.0018409548792988062 12
1643390825590 0.0018949456280097365 13
1643390825964 0.0018316895002499223 14
1643390826330 0.0017600982682779431 15
1643390826696 0.0017538004321977496 16
1643390827049 0.0017928662709891796 17
1643390827420 0.0016550550935789943 18
1643390827799 0.0016127178678289056 19
1643390828193 0.0015728598227724433 20
1643390828588 0.0015711887972429395 21
1643390828982 0.0014521515695378184 22
1643390829352 0.001390757504850626 23
1643390829717 0.00138777494430542 24
1643390830119 0.0013824839843437076 25
1643390830493 0.0012947398936375976 26
1643390830879 0.0013588285073637962 27
1643390831287 0.0011641902383416891 28
1643390831706 0.0012105024652555585 29
1643390832126 0.001200792146846652 30
1643390832510 0.0011197543935850263 31
1643390832893 0.0010377159342169762 32
1643390833289 0.001075321459211409 33
1643390833732 0.001033129170536995 34
1643390834142 0.00101665745023638 35
1643390834537 0.0010179139208048582 36
1643390834920 0.0009279192890971899 37
1643390835324 0.0009304650011472404 38
