1643390820704 0.11267275363206863 0
1643390821153 0.04072294011712074 1
1643390821582 0.03528173267841339 2
1643390821953 0.03449617698788643 3
1643390822313 0.03387012332677841 4
1643390822675 0.03381391242146492 5
1643390823039 0.03338736295700073 6
1643390823436 0.03321317583322525 7
1643390823806 0.03303840756416321 8
1643390824170 0.03320637345314026 9
1643390824522 0.03260427340865135 10
1643390824876 0.032041553407907486 11
1643390825235 0.0318148247897625 12
1643390825590 0.03229650482535362 13
1643390825964 0.031877301633358 14
1643390826330 0.031648728996515274 15
1643390826696 0.031019780784845352 16
1643390827049 0.03188192471861839 17
1643390827420 0.030220407992601395 18
1643390827799 0.029783612117171288 19
1643390828193 0.02943660318851471 20
1643390828588 0.02948232926428318 21
1643390828982 0.02828281559050083 22
1643390829352 0.027547508478164673 23
1643390829717 0.027755575254559517 24
1643390830119 0.027627747505903244 25
1643390830493 0.026521088555455208 26
1643390830879 0.02755194529891014 27
1643390831287 0.02533818408846855 28
1643390831706 0.02574712410569191 29
1643390832126 0.02600795589387417 30
1643390832510 0.02445303462445736 31
1643390832893 0.023496396839618683 32
1643390833289 0.024358563125133514 33
1643390833732 0.023422108963131905 34
1643390834142 0.023386765271425247 35
1643390834537 0.023428482934832573 36
1643390834920 0.021901724860072136 37
1643390835324 0.02213752269744873 38
