1643389468041 0.02841210551559925 0
1643389468432 0.0030810448806732893 1
1643389468786 0.0021865456365048885 2
1643389469150 0.002023023087531328 3
1643389469505 0.0020175117533653975 4
1643389469860 0.002038638573139906 5
1643389470217 0.0019757200498133898 6
1643389470573 0.0019639066886156797 7
1643389470929 0.001956004649400711 8
1643389471284 0.0018979061860591173 9
1643389471639 0.0018680657958611846 10
1643389471994 0.00179842219222337 11
1643389472348 0.0018207210814580321 12
1643389472706 0.0016993983881548047 13
1643389473062 0.001677539199590683 14
1643389473419 0.0016482928767800331 15
1643389473788 0.0015895628603175282 16
1643389474169 0.0015379455871880054 17
1643389474533 0.0015851487405598164 18
1643389474892 0.0015298007056117058 19
1643389475247 0.0013762053567916155 20
1643389475601 0.0013263467699289322 21
1643389475953 0.0012839270057156682 22
1643389476319 0.0012360273394733667 23
1643389476674 0.001349196769297123 24
1643389477029 0.0011868552537634969 25
1643389477383 0.0011625094339251518 26
1643389477734 0.0011070050531998277 27
1643389478093 0.0010904530063271523 28
1643389478505 0.001070593949407339 29
1643389479036 0.0011324303923174739 30
1643389479429 0.0011273823911324143 31
1643389479790 0.000977346790023148 32
1643389480143 0.0009347712621092796 33
1643389480576 0.0009508433286100626 34
1643389481009 0.001111220452003181 35
1643389482415 0.0008976208628155291 36
1643389482847 0.0009051981032826006 37
1643389483225 0.000893088523298502 38
1643389483715 0.0008884439012035728 39
1643389484392 0.0008112521027214825 40
1643389484833 0.0007734388927929103 41
1643389485240 0.0007726825424470007 42
1643389485638 0.000780729460529983 43
1643389486026 0.0007849010871723294 44
1643389486407 0.000729733903426677 45
1643389486778 0.0007458808831870556 46
1643389487137 0.0007229872280731797 47
1643389487499 0.0006773821660317481 48
1643389487907 0.0007183801499195397 49
