1643389468041 0.1133112981915474 0
1643389468432 0.04122906178236008 1
1643389468786 0.03504954278469086 2
1643389469150 0.03358902037143707 3
1643389469505 0.03373129665851593 4
1643389469860 0.033764757215976715 5
1643389470217 0.03321216627955437 6
1643389470573 0.03314266353845596 7
1643389470929 0.032903119921684265 8
1643389471284 0.03249756619334221 9
1643389471639 0.032086558640003204 10
1643389471994 0.03157570958137512 11
1643389472348 0.031573209911584854 12
1643389472706 0.03040328249335289 13
1643389473062 0.030474990606307983 14
1643389473419 0.03030126355588436 15
1643389473788 0.029662415385246277 16
1643389474169 0.028993070125579834 17
1643389474533 0.029777584597468376 18
1643389474892 0.02902727760374546 19
1643389475247 0.027667906135320663 20
1643389475601 0.027078762650489807 21
1643389475953 0.026430416852235794 22
1643389476319 0.02622896246612072 23
1643389476674 0.027598757296800613 24
1643389477029 0.025731652975082397 25
1643389477383 0.025166846811771393 26
1643389477734 0.02447487972676754 27
1643389478093 0.024008294567465782 28
1643389478505 0.023987818509340286 29
1643389479036 0.02479647845029831 30
1643389479429 0.02506369911134243 31
1643389479790 0.022936850786209106 32
1643389480143 0.02218368649482727 33
1643389480576 0.02246837504208088 34
1643389481009 0.024745767936110497 35
1643389482415 0.021988805383443832 36
1643389482847 0.02200155518949032 37
1643389483225 0.021948449313640594 38
1643389483715 0.0217672660946846 39
1643389484392 0.02060568891465664 40
1643389484833 0.019948089495301247 41
1643389485240 0.0200729351490736 42
1643389485638 0.020088547840714455 43
1643389486026 0.020451489835977554 44
1643389486407 0.019245322793722153 45
1643389486778 0.019141262397170067 46
1643389487137 0.019334513694047928 47
1643389487499 0.018560845404863358 48
1643389487907 0.019101107493042946 49
1643389518054 13.355510830138781 0
